#1.000000 0.000000
1.100000 0.066315
1.200000 0.055649
1.300000 0.047368
1.400000 0.040809
1.500000 0.035526
1.600000 0.031207
1.700000 0.027631
1.800000 0.024637
1.900000 0.022105
2.000000 0.019944
2.100000 0.018086
2.200000 0.016476
2.300000 0.015071
2.400000 0.013840
2.500000 0.012753
2.600000 0.011789
2.700000 0.010931
2.800000 0.010163
2.900000 0.009474
3.000000 0.008852
3.100000 0.008289
3.200000 0.007779
3.300000 0.007314
3.400000 0.006890
3.500000 0.006501
3.600000 0.006145
3.700000 0.005817
3.800000 0.005515
3.900000 0.005235
4.000000 0.004977
4.100000 0.004737
4.200000 0.004514
4.300000 0.004306
4.400000 0.004113
4.500000 0.003932
4.600000 0.003763
4.700000 0.000000
