1.000000 -0.072343 0.000000 -0.066315 -0.159155
1.100000 -0.060286 -0.072343 -0.055649 -0.131533
1.200000 -0.051011 -0.060286 -0.047368 -0.110524
1.300000 -0.043724 -0.051011 -0.040809 -0.094175
1.400000 -0.037894 -0.043724 -0.035526 -0.081202
1.500000 -0.033157 -0.037894 -0.031207 -0.070736
1.600000 -0.029256 -0.033157 -0.027631 -0.062170
1.700000 -0.026006 -0.029256 -0.024637 -0.055071
1.800000 -0.023268 -0.026006 -0.022105 -0.049122
1.900000 -0.020941 -0.023268 -0.019944 -0.044087
2.000000 -0.018947 -0.020941 -0.018086 -0.039789
2.100000 -0.017225 -0.018947 -0.016476 -0.036090
2.200000 -0.015727 -0.017225 -0.015071 -0.032883
2.300000 -0.014416 -0.015727 -0.013840 -0.030086
2.400000 -0.013263 -0.014416 -0.012753 -0.027631
2.500000 -0.012243 -0.013263 -0.011789 -0.025465
2.600000 -0.011336 -0.012243 -0.010931 -0.023544
2.700000 -0.010526 -0.011336 -0.010163 -0.021832
2.800000 -0.009800 -0.010526 -0.009474 -0.020300
2.900000 -0.009147 -0.009800 -0.008852 -0.018924
3.000000 -0.008557 -0.009147 -0.008289 -0.017684
3.100000 -0.008022 -0.008557 -0.007779 -0.016561
3.200000 -0.007536 -0.008022 -0.007314 -0.015542
3.300000 -0.007092 -0.007536 -0.006890 -0.014615
3.400000 -0.006687 -0.007092 -0.006501 -0.013768
3.500000 -0.006316 -0.006687 -0.006145 -0.012992
3.600000 -0.005974 -0.006316 -0.005817 -0.012280
3.700000 -0.005660 -0.005974 -0.005515 -0.011626
3.800000 -0.005370 -0.005660 -0.005235 -0.011022
3.900000 -0.005101 -0.005370 -0.004977 -0.010464
4.000000 -0.004852 -0.005101 -0.004737 -0.009947
4.100000 -0.004621 -0.004852 -0.004514 -0.009468
4.200000 -0.004406 -0.004621 -0.004306 -0.009022
4.300000 -0.004206 -0.004406 -0.004113 -0.008608
4.400000 -0.004019 -0.004206 -0.003932 -0.008221
4.500000 -0.003844 -0.004019 -0.003763 -0.007860
4.600000 -0.003681 -0.003844 -0.003604 -0.007522
4.700000 -0.003527 -0.003681 -0.084657 -0.007205
