1.000000 0.079577
1.100000 0.065767
1.200000 0.055262
1.300000 0.047087
1.400000 0.040601
1.500000 0.035368
1.600000 0.031085
1.700000 0.027535
1.800000 0.024561
1.900000 0.022044
2.000000 0.019894
2.100000 0.018045
2.200000 0.016442
2.300000 0.015043
2.400000 0.013816
2.500000 0.012732
2.600000 0.011772
2.700000 0.010916
2.800000 0.010150
2.900000 0.009462
3.000000 0.008842
3.100000 0.008281
3.200000 0.007771
3.300000 0.007307
3.400000 0.006884
3.500000 0.006496
3.600000 0.006140
3.700000 0.005813
3.800000 0.005511
3.900000 0.005232
4.000000 0.004974
4.100000 0.004734
4.200000 0.004511
4.300000 0.004304
4.400000 0.004110
4.500000 0.003930
4.600000 0.003761
4.700000 0.003602
