1.100000 0.072343
1.200000 0.060286
1.300000 0.051011
1.400000 0.043724
1.500000 0.037894
1.600000 0.033157
1.700000 0.029256
1.800000 0.026006
1.900000 0.023268
2.000000 0.020941
2.100000 0.018947
2.200000 0.017225
2.300000 0.015727
2.400000 0.014416
2.500000 0.013263
2.600000 0.012243
2.700000 0.011336
2.800000 0.010526
2.900000 0.009800
3.000000 0.009147
3.100000 0.008557
3.200000 0.008022
3.300000 0.007536
3.400000 0.007092
3.500000 0.006687
3.600000 0.006316
3.700000 0.005974
3.800000 0.005660
3.900000 0.005370
4.000000 0.005101
4.100000 0.004852
4.200000 0.004621
4.300000 0.004406
4.400000 0.004206
4.500000 0.004019
4.600000 0.003844
4.700000 0.003681
