1.000000 0.079577
1.100000 0.072343
1.200000 0.066315
1.300000 0.061213
1.400000 0.056841
1.500000 0.053052
1.600000 0.049736
1.700000 0.046810
1.800000 0.044210
1.900000 0.041883
2.000000 0.039789
2.100000 0.037894
2.200000 0.036172
2.300000 0.034599
2.400000 0.033157
2.500000 0.031831
2.600000 0.030607
2.700000 0.029473
2.800000 0.028421
2.900000 0.027441
3.000000 0.026526
3.100000 0.025670
3.200000 0.024868
3.300000 0.024114
3.400000 0.023405
3.500000 0.022736
3.600000 0.022105
3.700000 0.021507
3.800000 0.020941
3.900000 0.020404
4.000000 0.019894
4.100000 0.019409
4.200000 0.018947
4.300000 0.018506
4.400000 0.018086
4.500000 0.017684
4.600000 0.017299
4.700000 0.016931
4.800000 0.016579
4.900000 0.016240