-2.500000    0.033002    0.033000
-2.450000    0.037350    0.037347
-2.400000    0.042164    0.042161
-2.350000    0.047481    0.047478
-2.300000    0.053334    0.053330
-2.250000    0.059759    0.059755
-2.200000    0.066791    0.066787
-2.150000    0.074465    0.074460
-2.100000    0.082812    0.082807
-2.050000    0.091865    0.091859
-2.000000    0.101654    0.101647
-1.950000    0.112204    0.112197
-1.900000    0.123541    0.123533
-1.850000    0.135683    0.135674
-1.800000    0.148647    0.148637
-1.750000    0.162442    0.162432
-1.700000    0.177075    0.177063
-1.650000    0.192544    0.192531
-1.600000    0.208841    0.208827
-1.550000    0.225952    0.225937
-1.500000    0.243855    0.243839
-1.450000    0.262519    0.262501
-1.400000    0.281906    0.281887
-1.350000    0.301969    0.301949
-1.300000    0.322652    0.322630
-1.250000    0.343890    0.343868
-1.200000    0.365612    0.365588
-1.150000    0.387735    0.387710
-1.100000    0.410170    0.410143
-1.050000    0.432820    0.432792
-1.000000    0.455581    0.455551
-0.950000    0.478340    0.478309
-0.900000    0.500983    0.500950
-0.850000    0.523388    0.523353
-0.800000    0.545429    0.545393
-0.750000    0.566979    0.566942
-0.700000    0.587909    0.587870
-0.650000    0.608090    0.608050
-0.600000    0.627393    0.627351
-0.550000    0.645692    0.645649
-0.500000    0.662866    0.662822
-0.450000    0.678797    0.678753
-0.400000    0.693376    0.693330
-0.350000    0.706500    0.706453
-0.300000    0.718074    0.718027
-0.250000    0.728016    0.727968
-0.200000    0.736252    0.736204
-0.150000    0.742723    0.742674
-0.100000    0.747379    0.747330
-0.050000    0.750187    0.750138
0.000000    0.751126    0.751076
0.050000    0.750187    0.750138
0.100000    0.747379    0.747330
0.150000    0.742723    0.742674
0.200000    0.736252    0.736204
0.250000    0.728016    0.727968
0.300000    0.718074    0.718027
0.350000    0.706500    0.706453
0.400000    0.693376    0.693330
0.450000    0.678797    0.678753
0.500000    0.662866    0.662822
0.550000    0.645692    0.645649
0.600000    0.627393    0.627351
0.650000    0.608090    0.608050
0.700000    0.587909    0.587871
0.750000    0.566979    0.566942
0.800000    0.545429    0.545393
0.850000    0.523388    0.523353
0.900000    0.500983    0.500950
0.950000    0.478340    0.478309
1.000000    0.455581    0.455551
1.050000    0.432820    0.432792
1.100000    0.410170    0.410143
1.150000    0.387735    0.387710
1.200000    0.365612    0.365588
1.250000    0.343890    0.343868
1.300000    0.322652    0.322630
1.350000    0.301969    0.301949
1.400000    0.281906    0.281887
1.450000    0.262519    0.262502
1.500000    0.243855    0.243839
1.550000    0.225952    0.225937
1.600000    0.208841    0.208827
1.650000    0.192544    0.192531
1.700000    0.177075    0.177063
1.750000    0.162442    0.162432
1.800000    0.148647    0.148637
1.850000    0.135683    0.135674
1.900000    0.123541    0.123533
1.950000    0.112204    0.112197
2.000000    0.101654    0.101647
2.050000    0.091865    0.091859
2.100000    0.082812    0.082807
2.150000    0.074465    0.074460
2.200000    0.066791    0.066787
2.250000    0.059759    0.059756
2.300000    0.053334    0.053331
2.350000    0.047481    0.047478
2.400000    0.042164    0.042162
2.450000    0.037350    0.037348
