0.100000 0.980000
0.200000 1.942012
0.300000 2.886365
0.400000 3.813385
0.500000 4.723389
0.600000 5.616690
0.700000 6.493593
0.800000 7.354401
0.900000 8.199408
1.000000 9.028905
1.100000 9.843176
1.200000 10.642501
1.300000 11.427154
1.400000 12.197405
1.500000 12.953517
1.600000 13.695751
1.700000 14.424360
1.800000 15.139596
1.900000 15.841703
2.000000 16.530923
2.100000 17.207492
2.200000 17.871642
2.300000 18.523602
2.400000 19.163594
2.500000 19.791840
2.600000 20.408553
2.700000 21.013947
2.800000 21.608229
2.900000 22.191602
3.000000 22.764267
3.100000 23.326421
3.200000 23.878256
3.300000 24.419962
3.400000 24.951725
3.500000 25.473727
3.600000 25.986147
3.700000 26.489162
3.800000 26.982944
3.900000 27.467662
4.000000 27.943484
4.100000 28.410571
4.200000 28.869085
4.300000 29.319182
4.400000 29.761018
4.500000 30.194744
4.600000 30.620509
4.700000 31.038458
4.800000 31.448736
4.900000 31.851483
5.000000 32.246838
5.100000 32.634935
5.200000 33.015909
5.300000 33.389891
5.400000 33.757007
5.500000 34.117385
5.600000 34.471148
5.700000 34.818418
5.800000 35.159313
5.900000 35.493951
6.000000 35.822447
6.100000 36.144913
6.200000 36.461460
6.300000 36.772197
6.400000 37.077230
6.500000 37.376664
6.600000 37.670602
6.700000 37.959145
6.800000 38.242391
6.900000 38.520438
7.000000 38.793382
7.100000 39.061315
7.200000 39.324331
7.300000 39.582518
7.400000 39.835967
7.500000 40.084764
7.600000 40.328993
7.700000 40.568740
7.800000 40.804086
7.900000 41.035113
8.000000 41.261898
8.100000 41.484521
8.200000 41.703058
8.300000 41.917583
8.400000 42.128171
8.500000 42.334893
8.600000 42.537821
8.700000 42.737024
8.800000 42.932571
8.900000 43.124528
9.000000 43.312962
9.100000 43.497937
9.200000 43.679516
9.300000 43.857763
9.400000 44.032738
9.500000 44.204501
9.600000 44.373112
9.700000 44.538627
9.800000 44.701105
9.900000 44.860600
10.000000 45.017168
10.100000 45.170861
10.200000 45.321734
10.300000 45.469837
10.400000 45.615222
10.500000 45.757938
10.600000 45.898035
10.700000 46.035560
10.800000 46.170561
10.900000 46.303083
11.000000 46.433174
11.100000 46.560876
11.200000 46.686234
11.300000 46.809292
11.400000 46.930090
11.500000 47.048672
11.600000 47.165076
11.700000 47.279344
11.800000 47.391515
11.900000 47.501627
12.000000 47.609717
12.100000 47.715824
12.200000 47.819983
12.300000 47.922230
12.400000 48.022600
12.500000 48.121128
12.600000 48.217847
12.700000 48.312791
12.800000 48.405993
12.900000 48.497483
13.000000 48.587294
13.100000 48.675457
13.200000 48.762002
13.300000 48.846958
13.400000 48.930354
13.500000 49.012220
13.600000 49.092583
13.700000 49.171471
13.800000 49.248911
13.900000 49.324929
14.000000 49.399553
14.100000 49.472806
14.200000 49.544715
14.300000 49.615304
14.400000 49.684597
14.500000 49.752618
14.600000 49.819391
14.700000 49.884938
14.800000 49.949282
14.900000 50.012445
15.000000 50.074449
15.100000 50.135314
15.200000 50.195063
15.300000 50.253714
15.400000 50.311289
15.500000 50.367807
15.600000 50.423288
15.700000 50.477751
15.800000 50.531213
15.900000 50.583695
16.000000 50.635213
16.100000 50.685785
16.200000 50.735429
16.300000 50.784162
16.400000 50.832001
16.500000 50.878961
16.600000 50.925059
16.700000 50.970312
16.800000 51.014733
16.900000 51.058339
17.000000 51.101145
17.100000 51.143165
17.200000 51.184414
17.300000 51.224906
17.400000 51.264654
17.500000 51.303673
17.600000 51.341976
17.700000 51.379575
17.800000 51.416485
17.900000 51.452717
18.000000 51.488283
18.100000 51.523198
18.200000 51.557471
18.300000 51.591115
18.400000 51.624141
18.500000 51.656562
18.600000 51.688387
18.700000 51.719628
18.800000 51.750296
18.900000 51.780400
19.000000 51.809952
19.100000 51.838962
19.200000 51.867439
19.300000 51.895394
19.400000 51.922835
19.500000 51.949773
19.600000 51.976216
19.700000 52.002174
19.800000 52.027655
19.900000 52.052669
20.000000 52.077223
20.100000 52.101327
20.200000 52.124989
20.300000 52.148216
20.400000 52.171017
20.500000 52.193399
20.600000 52.215370
20.700000 52.236938
20.800000 52.258110
20.900000 52.278894
21.000000 52.299296
21.100000 52.319324
21.200000 52.338984
21.300000 52.358283
21.400000 52.377228
21.500000 52.395825
21.600000 52.414081
21.700000 52.432001
21.800000 52.449593
21.900000 52.466862
22.000000 52.483814
22.100000 52.500455
22.200000 52.516790
22.300000 52.532825
22.400000 52.548566
22.500000 52.564018
22.600000 52.579187
22.700000 52.594077
22.800000 52.608694
22.900000 52.623042
23.000000 52.637128
23.100000 52.650954
23.200000 52.664527
23.300000 52.677851
23.400000 52.690930
23.500000 52.703769
23.600000 52.716372
23.700000 52.728744
23.800000 52.740889
23.900000 52.752811
24.000000 52.764514
24.100000 52.776003
24.200000 52.787280
24.300000 52.798351
24.400000 52.809218
24.500000 52.819886
24.600000 52.830358
24.700000 52.840637
24.800000 52.850728
24.900000 52.860634
25.000000 52.870358
25.100000 52.879904
25.200000 52.889274
25.300000 52.898473
25.400000 52.907502
25.500000 52.916366
25.600000 52.925067
25.700000 52.933608
25.800000 52.941993
25.900000 52.950224
26.000000 52.958303
26.100000 52.966234
26.200000 52.974020
26.300000 52.981663
26.400000 52.989165
26.500000 52.996530
26.600000 53.003760
26.700000 53.010857
26.800000 53.017823
26.900000 53.024662
27.000000 53.031375
27.100000 53.037966
27.200000 53.044435
27.300000 53.050785
27.400000 53.057019
27.500000 53.063138
27.600000 53.069145
27.700000 53.075042
27.800000 53.080830
27.900000 53.086513
28.000000 53.092090
28.100000 53.097566
28.200000 53.102941
28.300000 53.108218
28.400000 53.113397
28.500000 53.118482
28.600000 53.123473
28.700000 53.128372
28.800000 53.133182
28.900000 53.137903
29.000000 53.142538
29.100000 53.147088
29.200000 53.151554
29.300000 53.155938
29.400000 53.160241
29.500000 53.164466
29.600000 53.168613
29.700000 53.172684
29.800000 53.176680
29.900000 53.180603
30.000000 53.184454
30.100000 53.188234
30.200000 53.191945
30.300000 53.195588
30.400000 53.199164
30.500000 53.202674
30.600000 53.206120
30.700000 53.209502
30.800000 53.212823
30.900000 53.216082
31.000000 53.219282
31.100000 53.222423
31.200000 53.225506
31.300000 53.228533
31.400000 53.231504
31.500000 53.234420
31.600000 53.237284
31.700000 53.240094
31.800000 53.242853
31.900000 53.245561
32.000000 53.248220
32.100000 53.250830
32.200000 53.253391
32.300000 53.255906
32.400000 53.258375
32.500000 53.260798
32.600000 53.263177
32.700000 53.265512
32.800000 53.267805
32.900000 53.270055
33.000000 53.272264
33.100000 53.274432
33.200000 53.276561
33.300000 53.278651
33.400000 53.280702
33.500000 53.282715
33.600000 53.284692
33.700000 53.286632
33.800000 53.288537
33.900000 53.290407
34.000000 53.292242
34.100000 53.294044
34.200000 53.295813
34.300000 53.297549
34.400000 53.299253
34.500000 53.300926
34.600000 53.302568
34.700000 53.304181
34.800000 53.305763
34.900000 53.307317
35.000000 53.308842
35.100000 53.310339
35.200000 53.311808
35.300000 53.313251
35.400000 53.314667
35.500000 53.316057
35.600000 53.317422
35.700000 53.318761
35.800000 53.320076
35.900000 53.321367
36.000000 53.322634
36.100000 53.323878
36.200000 53.325099
36.300000 53.326298
36.400000 53.327474
36.500000 53.328629
36.600000 53.329763
36.700000 53.330876
36.800000 53.331969
36.900000 53.333041
37.000000 53.334094
37.100000 53.335128
37.200000 53.336142
37.300000 53.337138
37.400000 53.338116
37.500000 53.339075
37.600000 53.340017
37.700000 53.340942
37.800000 53.341850
37.900000 53.342741
38.000000 53.343616
38.100000 53.344475
38.200000 53.345318
38.300000 53.346145
38.400000 53.346958
38.500000 53.347755
38.600000 53.348538
38.700000 53.349306
38.800000 53.350060
38.900000 53.350801
39.000000 53.351528
39.100000 53.352241
39.200000 53.352942
39.300000 53.353629
39.400000 53.354304
39.500000 53.354967
39.600000 53.355617
39.700000 53.356256
39.800000 53.356882
39.900000 53.357498
40.000000 53.358101
40.100000 53.358694
40.200000 53.359276
40.300000 53.359848
40.400000 53.360408
40.500000 53.360959
40.600000 53.361499
40.700000 53.362030
40.800000 53.362550
40.900000 53.363062
41.000000 53.363563
41.100000 53.364056
41.200000 53.364540
41.300000 53.365014
41.400000 53.365480
41.500000 53.365938
41.600000 53.366387
41.700000 53.366827
41.800000 53.367260
41.900000 53.367685
42.000000 53.368102
42.100000 53.368511
42.200000 53.368913
42.300000 53.369307
42.400000 53.369694
42.500000 53.370075
42.600000 53.370448
42.700000 53.370814
42.800000 53.371173
42.900000 53.371526
43.000000 53.371873
43.100000 53.372213
43.200000 53.372547
43.300000 53.372874
43.400000 53.373196
43.500000 53.373512
43.600000 53.373822
43.700000 53.374126
43.800000 53.374425
43.900000 53.374718
44.000000 53.375006
44.100000 53.375288
44.200000 53.375566
44.300000 53.375838
44.400000 53.376105
44.500000 53.376368
44.600000 53.376625
44.700000 53.376878
44.800000 53.377126
44.900000 53.377370
45.000000 53.377609
45.100000 53.377844
45.200000 53.378074
45.300000 53.378301
45.400000 53.378523
45.500000 53.378741
45.600000 53.378955
45.700000 53.379165
45.800000 53.379371
45.900000 53.379574
46.000000 53.379772
46.100000 53.379967
46.200000 53.380159
46.300000 53.380347
46.400000 53.380531
46.500000 53.380712
46.600000 53.380890
46.700000 53.381065
46.800000 53.381236
46.900000 53.381404
47.000000 53.381570
47.100000 53.381732
47.200000 53.381891
47.300000 53.382047
47.400000 53.382200
47.500000 53.382351
47.600000 53.382498
47.700000 53.382644
47.800000 53.382786
47.900000 53.382926
48.000000 53.383063
48.100000 53.383198
48.200000 53.383330
48.300000 53.383460
48.400000 53.383587
48.500000 53.383712
48.600000 53.383835
48.700000 53.383955
48.800000 53.384074
48.900000 53.384190
49.000000 53.384304
49.100000 53.384416
49.200000 53.384525
49.300000 53.384633
49.400000 53.384739
49.500000 53.384843
49.600000 53.384945
49.700000 53.385045
49.800000 53.385143
49.900000 53.385240
50.000000 53.385335
50.100000 53.385428
50.200000 53.385519
50.300000 53.385608
50.400000 53.385696
50.500000 53.385783
50.600000 53.385867
50.700000 53.385951
50.800000 53.386032
50.900000 53.386113
51.000000 53.386191
51.100000 53.386268
51.200000 53.386344
51.300000 53.386419
51.400000 53.386492
51.500000 53.386564
51.600000 53.386634
51.700000 53.386703
51.800000 53.386771
51.900000 53.386838
52.000000 53.386903
52.100000 53.386967
52.200000 53.387030
52.300000 53.387092
52.400000 53.387153
52.500000 53.387212
52.600000 53.387271
52.700000 53.387328
52.800000 53.387385
52.900000 53.387440
53.000000 53.387494
53.100000 53.387548
53.200000 53.387600
53.300000 53.387651
53.400000 53.387702
53.500000 53.387751
53.600000 53.387800
53.700000 53.387848
53.800000 53.387895
53.900000 53.387941
54.000000 53.387986
54.100000 53.388030
54.200000 53.388074
54.300000 53.388116
54.400000 53.388158
54.500000 53.388199
54.600000 53.388240
54.700000 53.388279
54.800000 53.388318
54.900000 53.388357
55.000000 53.388394
55.100000 53.388431
55.200000 53.388467
55.300000 53.388502
55.400000 53.388537
55.500000 53.388571
55.600000 53.388605
55.700000 53.388638
55.800000 53.388670
55.900000 53.388702
56.000000 53.388733
56.100000 53.388764
56.200000 53.388794
56.300000 53.388823
56.400000 53.388852
56.500000 53.388881
56.600000 53.388909
56.700000 53.388936
56.800000 53.388963
56.900000 53.388989
57.000000 53.389015
57.100000 53.389041
57.200000 53.389065
57.300000 53.389090
57.400000 53.389114
57.500000 53.389138
57.600000 53.389161
57.700000 53.389184
57.800000 53.389206
57.900000 53.389228
58.000000 53.389249
58.100000 53.389270
58.200000 53.389291
58.300000 53.389312
58.400000 53.389332
58.500000 53.389351
58.600000 53.389370
58.700000 53.389389
58.800000 53.389408
58.900000 53.389426
59.000000 53.389444
59.100000 53.389461
59.200000 53.389479
59.300000 53.389496
59.400000 53.389512
59.500000 53.389528
59.600000 53.389544
59.700000 53.389560
59.800000 53.389576
59.900000 53.389591
60.000000 53.389606
60.100000 53.389620
60.200000 53.389634
60.300000 53.389649
60.400000 53.389662
60.500000 53.389676
60.600000 53.389689
60.700000 53.389702
60.800000 53.389715
60.900000 53.389728
61.000000 53.389740
61.100000 53.389752
61.200000 53.389764
61.300000 53.389776
61.400000 53.389787
61.500000 53.389798
61.600000 53.389809
61.700000 53.389820
61.800000 53.389831
61.900000 53.389841
62.000000 53.389852
62.100000 53.389862
62.200000 53.389872
62.300000 53.389881
62.400000 53.389891
62.500000 53.389900
62.600000 53.389909
62.700000 53.389918
62.800000 53.389927
62.900000 53.389936
63.000000 53.389944
63.100000 53.389953
63.200000 53.389961
63.300000 53.389969
63.400000 53.389977
63.500000 53.389985
63.600000 53.389992
63.700000 53.390000
63.800000 53.390007
63.900000 53.390014
64.000000 53.390021
64.100000 53.390028
64.200000 53.390035
64.300000 53.390042
64.400000 53.390048
64.500000 53.390055
64.600000 53.390061
64.700000 53.390067
64.800000 53.390074
64.900000 53.390080
65.000000 53.390085
65.100000 53.390091
65.200000 53.390097
65.300000 53.390102
65.400000 53.390108
65.500000 53.390113
65.600000 53.390118
65.700000 53.390124
65.800000 53.390129
65.900000 53.390134
66.000000 53.390139
66.100000 53.390143
66.200000 53.390148
66.300000 53.390153
66.400000 53.390157
66.500000 53.390162
66.600000 53.390166
66.700000 53.390170
66.800000 53.390175
66.900000 53.390179
67.000000 53.390183
67.100000 53.390187
67.200000 53.390191
67.300000 53.390195
67.400000 53.390198
67.500000 53.390202
67.600000 53.390206
67.700000 53.390209
67.800000 53.390213
67.900000 53.390216
68.000000 53.390220
68.100000 53.390223
68.200000 53.390226
68.300000 53.390229
68.400000 53.390232
68.500000 53.390236
68.600000 53.390239
68.700000 53.390241
68.800000 53.390244
68.900000 53.390247
69.000000 53.390250
69.100000 53.390253
69.200000 53.390256
69.300000 53.390258
69.400000 53.390261
69.500000 53.390263
69.600000 53.390266
69.700000 53.390268
69.800000 53.390271
69.900000 53.390273
70.000000 53.390275
70.100000 53.390278
70.200000 53.390280
70.300000 53.390282
70.400000 53.390284
70.500000 53.390286
70.600000 53.390289
70.700000 53.390291
70.800000 53.390293
70.900000 53.390295
71.000000 53.390296
71.100000 53.390298
71.200000 53.390300
71.300000 53.390302
71.400000 53.390304
71.500000 53.390306
71.600000 53.390307
71.700000 53.390309
71.800000 53.390311
71.900000 53.390312
72.000000 53.390314
72.100000 53.390316
72.200000 53.390317
72.300000 53.390319
72.400000 53.390320
72.500000 53.390322
72.600000 53.390323
72.700000 53.390324
72.800000 53.390326
72.900000 53.390327
73.000000 53.390329
73.100000 53.390330
73.200000 53.390331
73.300000 53.390332
73.400000 53.390334
73.500000 53.390335
73.600000 53.390336
73.700000 53.390337
73.800000 53.390338
73.900000 53.390340
74.000000 53.390341
74.100000 53.390342
74.200000 53.390343
74.300000 53.390344
74.400000 53.390345
74.500000 53.390346
74.600000 53.390347
74.700000 53.390348
74.800000 53.390349
74.900000 53.390350
75.000000 53.390351
75.100000 53.390352
75.200000 53.390352
75.300000 53.390353
75.400000 53.390354
75.500000 53.390355
75.600000 53.390356
75.700000 53.390357
75.800000 53.390357
75.900000 53.390358
76.000000 53.390359
76.100000 53.390360
76.200000 53.390360
76.300000 53.390361
76.400000 53.390362
76.500000 53.390363
76.600000 53.390363
76.700000 53.390364
76.800000 53.390365
76.900000 53.390365
77.000000 53.390366
77.100000 53.390367
77.200000 53.390367
77.300000 53.390368
77.400000 53.390368
77.500000 53.390369
77.600000 53.390370
77.700000 53.390370
77.800000 53.390371
77.900000 53.390371
78.000000 53.390372
78.100000 53.390372
78.200000 53.390373
78.300000 53.390373
78.400000 53.390374
78.500000 53.390374
78.600000 53.390375
78.700000 53.390375
78.800000 53.390376
78.900000 53.390376
79.000000 53.390376
79.100000 53.390377
79.200000 53.390377
79.300000 53.390378
79.400000 53.390378
79.500000 53.390379
79.600000 53.390379
79.700000 53.390379
79.800000 53.390380
79.900000 53.390380
80.000000 53.390380
80.100000 53.390381
80.200000 53.390381
80.300000 53.390382
80.400000 53.390382
80.500000 53.390382
80.600000 53.390383
80.700000 53.390383
80.800000 53.390383
80.900000 53.390383
81.000000 53.390384
81.100000 53.390384
81.200000 53.390384
81.300000 53.390385
81.400000 53.390385
81.500000 53.390385
81.600000 53.390385
81.700000 53.390386
81.800000 53.390386
81.900000 53.390386
82.000000 53.390387
82.100000 53.390387
82.200000 53.390387
82.300000 53.390387
82.400000 53.390387
82.500000 53.390388
82.600000 53.390388
82.700000 53.390388
82.800000 53.390388
82.900000 53.390389
83.000000 53.390389
83.100000 53.390389
83.200000 53.390389
83.300000 53.390389
83.400000 53.390390
83.500000 53.390390
83.600000 53.390390
83.700000 53.390390
83.800000 53.390390
83.900000 53.390391
84.000000 53.390391
84.100000 53.390391
84.200000 53.390391
84.300000 53.390391
84.400000 53.390391
84.500000 53.390392
84.600000 53.390392
84.700000 53.390392
84.800000 53.390392
84.900000 53.390392
85.000000 53.390392
85.100000 53.390392
85.200000 53.390393
85.300000 53.390393
85.400000 53.390393
85.500000 53.390393
85.600000 53.390393
85.700000 53.390393
85.800000 53.390393
85.900000 53.390393
86.000000 53.390394
86.100000 53.390394
86.200000 53.390394
86.300000 53.390394
86.400000 53.390394
86.500000 53.390394
86.600000 53.390394
86.700000 53.390394
86.800000 53.390394
86.900000 53.390395
87.000000 53.390395
87.100000 53.390395
87.200000 53.390395
87.300000 53.390395
87.400000 53.390395
87.500000 53.390395
87.600000 53.390395
87.700000 53.390395
87.800000 53.390395
87.900000 53.390395
88.000000 53.390396
88.100000 53.390396
88.200000 53.390396
88.300000 53.390396
88.400000 53.390396
88.500000 53.390396
88.600000 53.390396
88.700000 53.390396
88.800000 53.390396
88.900000 53.390396
89.000000 53.390396
89.100000 53.390396
89.200000 53.390396
89.300000 53.390397
89.400000 53.390397
89.500000 53.390397
89.600000 53.390397
89.700000 53.390397
89.800000 53.390397
89.900000 53.390397
90.000000 53.390397
90.100000 53.390397
90.200000 53.390397
90.300000 53.390397
90.400000 53.390397
90.500000 53.390397
90.600000 53.390397
90.700000 53.390397
90.800000 53.390397
90.900000 53.390397
91.000000 53.390397
91.100000 53.390398
91.200000 53.390398
91.300000 53.390398
91.400000 53.390398
91.500000 53.390398
91.600000 53.390398
91.700000 53.390398
91.800000 53.390398
91.900000 53.390398
92.000000 53.390398
92.100000 53.390398
92.200000 53.390398
92.300000 53.390398
92.400000 53.390398
92.500000 53.390398
92.600000 53.390398
92.700000 53.390398
92.800000 53.390398
92.900000 53.390398
93.000000 53.390398
93.100000 53.390398
93.200000 53.390398
93.300000 53.390398
93.400000 53.390398
93.500000 53.390398
93.600000 53.390398
93.700000 53.390398
93.800000 53.390398
93.900000 53.390399
94.000000 53.390399
94.100000 53.390399
94.200000 53.390399
94.300000 53.390399
94.400000 53.390399
94.500000 53.390399
94.600000 53.390399
94.700000 53.390399
94.800000 53.390399
94.900000 53.390399
95.000000 53.390399
95.100000 53.390399
95.200000 53.390399
95.300000 53.390399
95.400000 53.390399
95.500000 53.390399
95.600000 53.390399
95.700000 53.390399
95.800000 53.390399
95.900000 53.390399
96.000000 53.390399
96.100000 53.390399
96.200000 53.390399
96.300000 53.390399
96.400000 53.390399
96.500000 53.390399
96.600000 53.390399
96.700000 53.390399
96.800000 53.390399
96.900000 53.390399
97.000000 53.390399
97.100000 53.390399
97.200000 53.390399
97.300000 53.390399
97.400000 53.390399
97.500000 53.390399
97.600000 53.390399
97.700000 53.390399
97.800000 53.390399
97.900000 53.390399
98.000000 53.390399
98.100000 53.390399
98.200000 53.390399
98.300000 53.390399
98.400000 53.390399
98.500000 53.390399
98.600000 53.390399
98.700000 53.390399
98.800000 53.390399
98.900000 53.390399
99.000000 53.390399
99.100000 53.390399
99.200000 53.390399
99.300000 53.390399
99.400000 53.390399
99.500000 53.390399
99.600000 53.390399
99.700000 53.390399
99.800000 53.390400
99.900000 53.390400
100.000000 53.390400
