2.000000 19.600000
4.000000 32.004699
6.000000 39.855544
8.000000 44.824287
10.000000 47.968969
12.000000 49.959215
14.000000 51.218828
16.000000 52.016028
18.000000 52.520570
20.000000 52.839891
22.000000 53.041987
24.000000 53.169892
26.000000 53.250842
28.000000 53.302075
30.000000 53.334500
32.000000 53.355021
34.000000 53.368009
36.000000 53.376229
38.000000 53.381431
40.000000 53.384724
42.000000 53.386808
44.000000 53.388126
46.000000 53.388961
48.000000 53.389489
50.000000 53.389824
52.000000 53.390035
54.000000 53.390169
56.000000 53.390254
58.000000 53.390308
60.000000 53.390341
62.000000 53.390363
64.000000 53.390377
66.000000 53.390385
68.000000 53.390391
70.000000 53.390394
72.000000 53.390396
74.000000 53.390398
76.000000 53.390398
78.000000 53.390399
80.000000 53.390399
82.000000 53.390400
84.000000 53.390400
86.000000 53.390400
88.000000 53.390400
90.000000 53.390400
92.000000 53.390400
94.000000 53.390400
96.000000 53.390400
98.000000 53.390400
100.000000 53.390400
