0.000000 1350.000000
10.000000 1191.761247
20.000000 1052.208690
30.000000 929.135702
40.000000 820.596234
50.000000 724.874042
60.000000 640.455552
70.000000 566.005925
80.000000 500.347951
90.000000 442.443438
100.000000 391.376788
110.000000 346.340529
120.000000 306.622539
130.000000 271.594793
140.000000 240.703424
150.000000 213.459975
160.000000 189.433667
170.000000 168.244592
180.000000 149.557706
190.000000 133.077529
200.000000 118.543473
210.000000 105.725724
220.000000 94.421605
230.000000 84.452374
240.000000 75.660396
250.000000 67.906650
260.000000 61.068534
270.000000 55.037921
280.000000 49.719455
290.000000 45.029039
300.000000 40.892508
310.000000 37.244455
320.000000 34.027195
330.000000 31.189856
340.000000 28.687575
350.000000 26.480785
360.000000 24.534592
370.000000 22.818222
380.000000 21.304536
390.000000 19.969599
400.000000 18.792303
410.000000 17.754032
420.000000 16.838369
430.000000 16.030835
440.000000 15.318662
450.000000 14.690589
460.000000 14.136684
470.000000 13.648188
480.000000 13.217379
490.000000 12.837443
500.000000 12.502373
510.000000 12.206871
520.000000 11.946265
530.000000 11.716433
540.000000 11.513742
550.000000 11.334986
560.000000 11.177340
570.000000 11.038309
580.000000 10.915697
590.000000 10.807563
600.000000 10.712199
610.000000 10.628097
620.000000 10.553926
630.000000 10.488513
640.000000 10.430825
650.000000 10.379950
660.000000 10.335082
670.000000 10.295513
680.000000 10.260616
690.000000 10.229840
700.000000 10.202699
710.000000 10.178762
720.000000 10.157653
730.000000 10.139036
740.000000 10.122617
750.000000 10.108137
760.000000 10.095368
770.000000 10.084106
780.000000 10.074174
790.000000 10.065415
800.000000 10.057690
810.000000 10.050877
820.000000 10.044869
830.000000 10.039571
840.000000 10.034898
850.000000 10.030777
860.000000 10.027143
870.000000 10.023937
880.000000 10.021111
890.000000 10.018618
900.000000 10.016419
910.000000 10.014480
920.000000 10.012770
930.000000 10.011262
940.000000 10.009932
950.000000 10.008759
960.000000 10.007725
970.000000 10.006813
980.000000 10.006008
990.000000 10.005299
1000.000000 10.004673
1010.000000 10.004121
1020.000000 10.003635
1030.000000 10.003205
1040.000000 10.002827
1050.000000 10.002493
1060.000000 10.002199
1070.000000 10.001939
1080.000000 10.001710
1090.000000 10.001508
1100.000000 10.001330
1110.000000 10.001173
1120.000000 10.001034
