0.000000 1350.000000
10.000000 1191.761590
20.000000 1052.209295
30.000000 929.136502
40.000000 820.597174
50.000000 724.875079
60.000000 640.456649
70.000000 566.007053
80.000000 500.349089
90.000000 442.444566
100.000000 391.377894
110.000000 346.341602
120.000000 306.623572
130.000000 271.595779
140.000000 240.704361
150.000000 213.460860
160.000000 189.434499
170.000000 168.245372
180.000000 149.558435
190.000000 133.078207
200.000000 118.544103
210.000000 105.726307
220.000000 94.422144
230.000000 84.452871
240.000000 75.660853
250.000000 67.907070
260.000000 61.068919
270.000000 55.038274
280.000000 49.719778
290.000000 45.029334
300.000000 40.892777
310.000000 37.244700
320.000000 34.027418
330.000000 31.190059
340.000000 28.687760
350.000000 26.480953
360.000000 24.534744
370.000000 22.818360
380.000000 21.304661
390.000000 19.969712
400.000000 18.792405
410.000000 17.754124
420.000000 16.838452
430.000000 16.030911
440.000000 15.318730
450.000000 14.690650
460.000000 14.136739
470.000000 13.648238
480.000000 13.217424
490.000000 12.837483
500.000000 12.502410
510.000000 12.206904
520.000000 11.946294
530.000000 11.716460
540.000000 11.513766
550.000000 11.335008
560.000000 11.177359
570.000000 11.038326
580.000000 10.915712
590.000000 10.807577
600.000000 10.712212
610.000000 10.628108
620.000000 10.553936
630.000000 10.488522
640.000000 10.430833
650.000000 10.379957
660.000000 10.335089
670.000000 10.295518
680.000000 10.260621
690.000000 10.229845
700.000000 10.202703
710.000000 10.178766
720.000000 10.157656
730.000000 10.139038
740.000000 10.122620
750.000000 10.108140
760.000000 10.095370
770.000000 10.084108
780.000000 10.074175
790.000000 10.065416
800.000000 10.057691
810.000000 10.050879
820.000000 10.044870
830.000000 10.039572
840.000000 10.034899
850.000000 10.030778
860.000000 10.027143
870.000000 10.023938
880.000000 10.021111
890.000000 10.018618
900.000000 10.016420
910.000000 10.014481
920.000000 10.012771
930.000000 10.011263
940.000000 10.009933
950.000000 10.008760
960.000000 10.007725
970.000000 10.006813
980.000000 10.006008
990.000000 10.005299
1000.000000 10.004673
1010.000000 10.004121
1020.000000 10.003635
1030.000000 10.003205
1040.000000 10.002827
1050.000000 10.002493
1060.000000 10.002199
1070.000000 10.001939
1080.000000 10.001710
1090.000000 10.001508
1100.000000 10.001330
1110.000000 10.001173
1120.000000 10.001034
