0.000000 0.000000
1.000000 9.800000
2.000000 17.801175
3.000000 24.333705
4.000000 29.667166
5.000000 34.021651
6.000000 37.576854
7.000000 40.479488
8.000000 42.849332
9.000000 44.784183
10.000000 46.363885
11.000000 47.653627
12.000000 48.706632
13.000000 49.566355
14.000000 50.268272
15.000000 50.841350
16.000000 51.309237
17.000000 51.691242
18.000000 52.003129
19.000000 52.257767
20.000000 52.465666
21.000000 52.635404
22.000000 52.773987
23.000000 52.887131
24.000000 52.979508
25.000000 53.054929
26.000000 53.116506
27.000000 53.166780
28.000000 53.207826
29.000000 53.241338
30.000000 53.268699
31.000000 53.291038
32.000000 53.309276
33.000000 53.324167
34.000000 53.336324
35.000000 53.346250
36.000000 53.354354
37.000000 53.360970
38.000000 53.366372
39.000000 53.370783
40.000000 53.374383
41.000000 53.377323
42.000000 53.379724
43.000000 53.381683
44.000000 53.383283
45.000000 53.384590
46.000000 53.385656
47.000000 53.386527
48.000000 53.387238
49.000000 53.387818
50.000000 53.388292
51.000000 53.388679
52.000000 53.388995
53.000000 53.389253
54.000000 53.389463
55.000000 53.389635
56.000000 53.389776
57.000000 53.389890
58.000000 53.389984
59.000000 53.390060
60.000000 53.390123
61.000000 53.390174
62.000000 53.390215
63.000000 53.390249
64.000000 53.390277
65.000000 53.390299
66.000000 53.390318
67.000000 53.390333
68.000000 53.390345
69.000000 53.390355
70.000000 53.390363
71.000000 53.390370
72.000000 53.390376
73.000000 53.390380
74.000000 53.390384
75.000000 53.390387
76.000000 53.390389
77.000000 53.390391
78.000000 53.390393
79.000000 53.390394
80.000000 53.390395
81.000000 53.390396
82.000000 53.390397
83.000000 53.390397
84.000000 53.390398
85.000000 53.390398
86.000000 53.390399
87.000000 53.390399
88.000000 53.390399
89.000000 53.390399
90.000000 53.390399
91.000000 53.390399
92.000000 53.390400
93.000000 53.390400
94.000000 53.390400
95.000000 53.390400
96.000000 53.390400
97.000000 53.390400
98.000000 53.390400
99.000000 53.390400
