0.000000 0.000000
0.500000 4.681871
1.000000 8.953182
1.500000 12.849937
2.000000 16.404981
2.500000 19.648278
3.000000 22.607167
3.500000 25.306587
4.000000 27.769291
4.500000 30.016038
5.000000 32.065765
5.500000 33.935749
6.000000 35.641752
6.500000 37.198153
7.000000 38.618071
7.500000 39.913475
8.000000 41.095283
8.500000 42.173457
9.000000 43.157085
9.500000 44.054457
10.000000 44.873138
10.500000 45.620027
11.000000 46.301421
11.500000 46.923062
12.000000 47.490191
12.500000 48.007588
13.000000 48.479613
13.500000 48.910246
14.000000 49.303116
14.500000 49.661535
15.000000 49.988524
15.500000 50.286839
16.000000 50.558994
16.500000 50.807284
17.000000 51.033800
17.500000 51.240453
18.000000 51.428985
18.500000 51.600984
19.000000 51.757900
19.500000 51.901056
20.000000 52.031658
20.500000 52.150808
21.000000 52.259509
21.500000 52.358679
22.000000 52.449152
22.500000 52.531691
23.000000 52.606992
23.500000 52.675690
24.000000 52.738364
24.500000 52.795542
25.000000 52.847706
25.500000 52.895295
26.000000 52.938712
26.500000 52.978321
27.000000 53.014456
27.500000 53.047423
28.000000 53.077499
28.500000 53.104938
29.000000 53.129971
29.500000 53.152808
30.000000 53.173643
30.500000 53.192650
31.000000 53.209991
31.500000 53.225812
32.000000 53.240245
32.500000 53.253412
33.000000 53.265425
33.500000 53.276384
34.000000 53.286382
34.500000 53.295503
35.000000 53.303825
35.500000 53.311417
36.000000 53.318343
36.500000 53.324662
37.000000 53.330426
37.500000 53.335686
38.000000 53.340484
38.500000 53.344861
39.000000 53.348854
39.500000 53.352497
40.000000 53.355821
40.500000 53.358853
41.000000 53.361620
41.500000 53.364144
42.000000 53.366446
42.500000 53.368547
43.000000 53.370463
43.500000 53.372211
44.000000 53.373806
44.500000 53.375261
45.000000 53.376589
45.500000 53.377800
46.000000 53.378905
46.500000 53.379913
47.000000 53.380833
47.500000 53.381672
48.000000 53.382437
48.500000 53.383135
49.000000 53.383772
49.500000 53.384353
50.000000 53.384884
50.500000 53.385367
51.000000 53.385809
51.500000 53.386211
52.000000 53.386579
52.500000 53.386914
53.000000 53.387219
53.500000 53.387498
54.000000 53.387753
54.500000 53.387985
55.000000 53.388197
55.500000 53.388390
56.000000 53.388566
56.500000 53.388727
57.000000 53.388874
57.500000 53.389008
58.000000 53.389130
58.500000 53.389241
59.000000 53.389343
59.500000 53.389435
60.000000 53.389520
60.500000 53.389597
61.000000 53.389668
61.500000 53.389732
62.000000 53.389790
62.500000 53.389844
63.000000 53.389893
63.500000 53.389937
64.000000 53.389978
64.500000 53.390015
65.000000 53.390049
65.500000 53.390079
66.000000 53.390107
66.500000 53.390133
67.000000 53.390157
67.500000 53.390178
68.000000 53.390197
68.500000 53.390215
69.000000 53.390231
69.500000 53.390246
70.000000 53.390260
70.500000 53.390272
71.000000 53.390283
71.500000 53.390293
72.000000 53.390303
72.500000 53.390311
73.000000 53.390319
73.500000 53.390326
74.000000 53.390333
74.500000 53.390339
75.000000 53.390344
75.500000 53.390349
76.000000 53.390353
76.500000 53.390357
77.000000 53.390361
77.500000 53.390365
78.000000 53.390368
78.500000 53.390371
79.000000 53.390373
79.500000 53.390375
80.000000 53.390378
80.500000 53.390380
81.000000 53.390381
81.500000 53.390383
82.000000 53.390384
82.500000 53.390386
83.000000 53.390387
83.500000 53.390388
84.000000 53.390389
84.500000 53.390390
85.000000 53.390391
85.500000 53.390392
86.000000 53.390393
86.500000 53.390393
87.000000 53.390394
87.500000 53.390394
88.000000 53.390395
88.500000 53.390395
89.000000 53.390396
89.500000 53.390396
90.000000 53.390396
90.500000 53.390397
91.000000 53.390397
91.500000 53.390397
92.000000 53.390398
92.500000 53.390398
93.000000 53.390398
93.500000 53.390398
94.000000 53.390398
94.500000 53.390398
95.000000 53.390399
95.500000 53.390399
96.000000 53.390399
96.500000 53.390399
97.000000 53.390399
97.500000 53.390399
98.000000 53.390399
98.500000 53.390399
99.000000 53.390399
99.500000 53.390399
